1v1.LOL=0.00611
7_Days_to_Die=0.50
Alliance_of_Valiant_Arms_(AVA)=0.0055
Apex_Aim_Trainer=0.022
Apex_Legends=0.022
ARK_Survival_Evolved=0.174979
Arma_3=0.06027
Back_4_Blood=0.00136098
Banana_Shooter=0.00098
Battalion_1944=0.017499
BattleBit_Remastered=0.00050
Battlefield_2042=0.00275
Battlefield_1=0.0056
Battlefield_4=0.0056
Battlefield_V=0.0056
Black_Desert_Online_(黒い砂漠)=0.00184
Block_N_Load=0.05
Bloodhunt_(Vampire_The_Masquerade)=0.06515
Borderlands_2=0.0055
Borderlands_3=0.007
Boundary=0.03109
Call_of_Duty_BO4=0.006594
Call_of_Duty_BOCW=0.006594
Call_of_Duty_Modern_Warfare_II=0.006594
Call_of_Duty_Vanguard=0.006594
Counter-Strike_Global_Offensive_(CSGO)=0.022
Cyberpunk_2077=0.01
Dark_and_Darker=0.174982
Unturned=0.1
Valheim=0.05
Valorant=0.07
Warframe=0.022
Warlander=0.0833333
War_Thunder=0.125
World_War_3=0.00112
